24.7108746784156
24.7574454085097
24.8007389601500
24.8305440140242
24.8515249839533
24.8823691149706
24.9387073896019
25
25
25
25.0379595061728
25.0865992129008
25.1350447494006
25.1832968908020
25.2313564091403
25.2792240733687
25.3269006493709
25.3743868999731
25.4216835849564
25.4687914610688
25.5157112820373
25.5624437985799
25.6089897584181
25.6553499062881
25.7015249839533
25.7475157302159
25.7933228809288
25.8389471690075
25.8843893244416
25.9296500743064
25.9747301427750
26.0196302511294
26.0643511177723
26.1088934582385
26.1532579852065
26.1974454085097
26.2414564351476
26.2852917692978
26.3289521123265
26.3724381628000
26.4157506164963
26.4588901664154
26.5018575027910
26.5446533131016
26.5872782820808
26.6297330917293
26.6708798452871
26.7107116432203
26.7492336769371
26.7864511173528
26.8223691149706
26.8569927999624
26.8903272822484
26.9223776515777
26.9531489776077
26.9826463099832
27.0108746784156
27.0378729002011
27.0636799993125
27.0883348473882
27.1118761643268
27.1343425188786
27.1557723292360
27.1762038636208
27.1956752408691
27.2142244310147
27.2318892558695
27.2487073896019
27.2647153554777
27.2799485196649
27.2944410956999
27.3082261489350
27.3213356009697
27.3338002340646
27.3456496955380
27.3569125021463
27.3676160444468
27.3777865911437
27.3874492934181
27.3966282190470
27.4053463867081
27.4136258001549
27.4214874822596
27.4289515089275
27.4360370428817
27.4427623673184
27.4491449194349
27.4552013238285
27.4609474257687
27.4663983243424
27.4715684045874
27.4764713686094
27.4811202656848
27.4855275213552
27.4897049655153
27.4936638595001
27.4974149221733
27.5009683550213
27.5043338662577
27.5075206939397
27.5105376281026
27.5133930319407
27.5160948620650
27.5186506878689
27.5210677100299
27.5233527781792
27.5255124077669
27.5275527961543
27.5294798379611
27.5312991396978
27.5330160337132
27.5346355914838
27.5361626362765
27.5376017552093
27.5389573107382
27.5402334515948
27.5414341232004
27.5425630775788
27.5436238827934
27.5446199319269
27.5455544516289
27.5464305102488
27.5472510255746
27.5480187721960
27.5487363885101
27.5494063833863
27.5500311425062
27.5506129343952
27.5511539161599
27.5516561389454
27.5521215531262
27.5525520132440
27.5529492827035
27.5533150382396
27.5536508741651
27.5539583064114
27.5542387763711
27.5544936545530
27.5547242440572
27.5549317838813
27.5551174520638
27.5552823686733
27.5554275986528
27.5555541545224
27.5556629989515
27.5557550472039
27.5558311694633
27.5558921930450
27.5559389044988
27.5559720516091
27.5559923452971
27.5560004614292
27.5559970425369
27.5559826994531
27.5559580128669
27.5559235348031
27.5558797900291
27.5558272773919
27.5557664710909
27.5556978218870
27.5556217582534
27.5555386874691
27.5554489966595
27.5553530537857
27.5552512085848
27.5551437934649
27.5550311243556
27.5549135015170
27.5547912103092
27.5546645219235
27.5545336940784
27.5543989716810
27.5542605874559
27.5541187625439
27.5539737070706
27.5538256206873
27.5536746930858
27.5535211044872
27.5533650261072
27.5532066205990
27.5530460424731
27.5528834384980
27.5527189480807
27.5525527036279
27.5523848308903
27.5522154492901
27.5520446722313
27.5518726073964
27.5516993570271
27.5515250181918
27.5513496830406
27.5511734390465
27.5509963692359
27.5508185524070
27.5506400633382
27.5504609729856
27.5502813486713
27.5501012542621
27.5499207503398
27.5497398943628
27.5495587408201
27.5493773413772
27.5491957450157
27.5490139981652
27.5488321448293
27.5486502267048
27.5484682832960
27.5482863520225
27.5481044683222
27.5479226657489
27.5477409760656
27.5475594293327
27.5473780539920
27.5471968769471
27.5470159236390
27.5468352181187
27.5466547831158
27.5464746401040
27.5462948093630
27.5461153100382
27.5459361601963
27.5457573768790
27.5455789761541
27.5454009731634
27.5452233821689
27.5450462165966
27.5448694890779
27.5446932114891
27.5445173949890
27.5443420500550
27.5441671865165
27.5439928135875
27.5438189398974
27.5436455735201
27.5434727220019
27.5433003923878
27.5431285912464
27.5429573246943
27.5427865984186
27.5426164176981
27.5424467874245
27.5422777121215
27.5421091959633
27.5419412427926
27.5417738561371
27.5416070392255
27.5414407950029
27.5412751261449
27.5411100350714
27.5409455239599
27.5407815947576
27.5406182491933
27.5404554887887
27.5402933148687
27.5401317285722
27.5399707308610
27.5398103225294
27.5396505042128
27.5394912763961
27.5393326394212
27.5391745934950
27.5390171386960
27.5388602749815
27.5387040021939
27.5385483200664
27.5383932282296
27.5382387262162
27.5380848134670
27.5379314893352
27.5377787530917
27.5376266039292
27.5374750409669
27.5373240632543
27.5371736697748
27.5370238594501
27.5368746311430
27.5367259836613
27.5365779157606
27.5364304261471
27.5362835134812
27.5361371763793
27.5359914134173
27.5358462231322
27.5357016040250
27.5355575545626
27.5354140731802
27.5352711582829
27.5351288082481
27.5349870214266
27.5348457961452
27.5347051307075
27.5345650233960
27.5344254724732
27.5342864761834
27.5341480327535
27.5340101403949
27.5338727973039
27.5337360016636
27.5335997516446
27.5334640454059
27.5333288810962
27.5331942568545
27.5330601708114
27.5329266210894
27.5327936058040
27.5326611230645
27.5325291709744
27.5323977476326
27.5322668511335
27.5321364795677
27.5320066310229
27.5318773035842
27.5317484953346
27.5316202043556
27.5314924287274
27.5313651665298
27.5312384158423
27.5311121747444
27.5309864413162
27.5308612136388
27.5307364897944
27.5306122678667
27.5304885459412
27.5303653221057
27.5302425944502
27.5301203610673
27.5299986200526
27.5298773695047
27.5297566075256
27.5296363322207
27.5295165416993
27.5293972340742
27.5292784074627
27.5291600599860
27.5290421897697
27.5289247949440
27.5288078736436
27.5286914240082
27.5285754441820
27.5284599323145
27.5283448865602
27.5282303050788
27.5281161860350
27.5280025275994
27.5278893279475
27.5277765852606
27.5276642977256
27.5275524635350
27.5274410808869
27.5273301479852
27.5272196630398
27.5271096242662
27.5270000298859
27.5268908781265
27.5267821672214
27.5266738954100
27.5265660609379
27.5264586620566
27.5263516970238
27.5262451641034
27.5261390615653
27.5260333876856
27.5259281407466
27.5258233190367
27.5257189208508
27.5256149444896
27.5255113882603
27.5254082504763
27.5253055294571
27.5252032235285
27.5251013310227
27.5249998502779
27.5248987796386
27.5247981174557
27.5246978620861
27.5245980118932
27.5244985652463
27.5243995205211
27.5243008760996
27.5242026303698
27.5241047817261
27.5240073285690
27.5239102693051
27.5238136023472
27.5237173261143
27.5236214390317
27.5235259395304
27.5234308260480
27.5233360970279
27.5232417509196
27.5231477861789
27.5230542012673
27.5229609946528
27.5228681648090
27.5227757102157
27.5226836293588
27.5225919207299
27.5225005828269
27.5224096141533
27.5223190132189
27.5222287785390
27.5221389086351
27.5220494020345
27.5219602572702
27.5218714728813
27.5217830474125
27.5216949794143
27.5216072674432
27.5215199100612
27.5214329058362
27.5213462533417
27.5212599511570
27.5211739978670
27.5210883920624
27.5210031323394
27.5209182172998
27.5208336455512
27.5207494157065
27.5206655263843
27.5205819762089
27.5204987638098
27.5204158878223
27.5203333468869
27.5202511396499
27.5201692647626
27.5200877208822
27.5200065066708
27.5199256207964
27.5198450619319
27.5197648287558
27.5196849199518
27.5196053342090
27.5195260702218
27.5194471266896
27.5193685023173
27.5192901958149
27.5192122058978
27.5191345312861
27.5190571707056
27.5189801228869
27.5189033865658
27.5188269604833
27.5187508433852
27.5186750340228
27.5185995311519
27.5185243335338
27.5184494399345
27.5183748491251
27.5183005598816
27.5182265709850
27.5181528812211
27.5180794893808
27.5180063942597
27.5179335946583
27.5178610893821
27.5177888772411
27.5177169570504
27.5176453276298
27.5175739878038
27.5175029364016
27.5174321722574
27.5173616942098
27.5172915011023
27.5172215917829
27.5171519651044
27.5170826199241
27.5170135551041
27.5169447695109
27.5168762620157
27.5168080314941
27.5167400768266
27.5166723968978
27.5166049905970
27.5165378568181
27.5164709944593
27.5164044024233
27.5163380796172
27.5162720249526
27.5162062373455
27.5161407157161
27.5160754589891
27.5160104660937
27.5159457359632
27.5158812675352
27.5158170597517
27.5157531115590
27.5156894219076
27.5156259897522
27.5155628140518
27.5154998937696
27.5154372278730
27.5153748153334
27.5153126551267
27.5152507462326
27.5151890876351
27.5151276783223
27.5150665172864
27.5150056035235
27.5149449360340
27.5148845138223
27.5148243358966
27.5147644012693
27.5147047089568
27.5146452579795
27.5145860473616
27.5145270761314
27.5144683433211
27.5144098479666
27.5143515891081
27.5142935657893
27.5142357770580
27.5141782219658
27.5141208995680
27.5140638089240
27.5140069490966
27.5139503191528
27.5138939181632
27.5138377452020
27.5137817993474
27.5137260796812
27.5136705852888
27.5136153152597
27.5135602686865
27.5135054446660
27.5134508422984
27.5133964606874
27.5133422989407
27.5132883561692
27.5132346314877
27.5131811240145
27.5131278328713
27.5130747571837
27.5130218960804
27.5129692486939
27.5129168141602
27.5128645916187
27.5128125802123
27.5127607790875
27.5127091873940
27.5126578042852
27.5126066289176
27.5125556604515
27.5125048980504
27.5124543408810
27.5124039881137
27.5123538389221
27.5123038924831
27.5122541479770
27.5122046045874
27.5121552615012
27.5121061179085
27.5120571730028
27.5120084259808
27.5119598760425
27.5119115223911
27.5118633642329
27.5118154007777
27.5117676312382
27.5117200548304
27.5116726707735
27.5116254782898
27.5115784766048
27.5115316649471
27.5114850425485
27.5114386086436
27.5113923624706
27.5113463032703
27.5113004302869
27.5112547427675
27.5112092399622
27.5111639211243
27.5111187855099
27.5110738323783
27.5110290609918
27.5109844706155
27.5109400605176
27.5108958299692
27.5108517782445
27.5108079046205
27.5107642083770
27.5107206887969
27.5106773451661
27.5106341767731
27.5105911829095
27.5105483628695
27.5105057159506
27.5104632414526
27.5104209386787
27.5103788069343
27.5103368455282
27.5102950537716
27.5102534309786
27.5102119764661
27.5101706895538
27.5101295695640
27.5100886158219
27.5100478276553
27.5100072043949
27.5099667453739
27.5099264499282
27.5098863173966
27.5098463471204
27.5098065384436
27.5097668907129
27.5097274032775
27.5096880754894
27.5096489067032
27.5096098962759
27.5095710435673
27.5095323479399
27.5094938087584
27.5094554253905
27.5094171972061
27.5093791235778
27.5093412038808
27.5093034374928
27.5092658237938
27.5092283621667
27.5091910519965
27.5091538926709
27.5091168835801
27.5090800241166
27.5090433136755
27.5090067516544
27.5089703374532
27.5089340704741
27.5088979501221
27.5088619758043
27.5088261469302
27.5087904629120
27.5087549231638
27.5087195271024
27.5086842741470
27.5086491637189
27.5086141952418
27.5085793681420
27.5085446818477
27.5085101357898
27.5084757294011
27.5084414621172
27.5084073333755
27.5083733426160
27.5083394892808
27.5083057728142
27.5082721926629
27.5082387482759
27.5082054391041
27.5081722646009
27.5081392242220
27.5081063174249
27.5080735436697
27.5080409024184
27.5080083931353
27.5079760152869
27.5079437683418
27.5079116517708
27.5078796650467
27.5078478076446
27.5078160790417
27.5077844787172
27.5077530061524
27.5077216608309
27.5076904422381
27.5076593498619
27.5076283831917
27.5075975417195
27.5075668249390
27.5075362323462
27.5075057634389
27.5074754177170
27.5074451946826
27.5074150938396
27.5073851146939
27.5073552567537
27.5073255195287
27.5072959025311
27.5072664052747
27.5072370272753
27.5072077680509
27.5071786271212
27.5071496040080
27.5071206982350
27.5070919093276
27.5070632368136
27.5070346802221
27.5070062390847
27.5069779129345
27.5069497013067
27.5069216037381
27.5068936197677
27.5068657489362
27.5068379907862
27.5068103448621
27.5067828107101
27.5067553878785
27.5067280759170
27.5067008743776
27.5066737828136
27.5066468007806
27.5066199278356
27.5065931635377
27.5065665074476
27.5065399591277
27.5065135181424
27.5064871840578
27.5064609564415
27.5064348348632
27.5064088188942
27.5063829081075
27.5063571020778
27.5063314003817
27.5063058025972
27.5062803083043
27.5062549170845
27.5062296285212
27.5062044421992
27.5061793577053
27.5061543746277
27.5061294925565
27.5061047110832
27.5060800298011
27.5060554483052
27.5060309661920
27.5060065830598
27.5059822985083
27.5059581121390
27.5059340235549
27.5059100323607
27.5058861381626
27.5058623405685
27.5058386391879
27.5058150336317
27.5057915235124
27.5057681084444
27.5057447880432
27.5057215619262
27.5056984297121
27.5056753910213
27.5056524454757
27.5056295926987
27.5056068323152
27.5055841639517
27.5055615872361
27.5055391017980
27.5055167072683
27.5054944032794
27.5054721894653
27.5054500654614
27.5054280309046
27.5054060854333
27.5053842286874
27.5053624603080
27.5053407799379
27.5053191872213
27.5052976818039
27.5052762633326
27.5052549314560
27.5052336858240
27.5052125260878
27.5051914519002
27.5051704629153
27.5051495587886
27.5051287391771
27.5051080037391
27.5050873521343
27.5050667840236
27.5050462990696
27.5050258969361
27.5050055772882
27.5049853397924
27.5049651841165
27.5049451099299
27.5049251169030
27.5049052047076
27.5048853730171
27.5048656215059
27.5048459498498
27.5048263577261
27.5048068448130
27.5047874107905
27.5047680553395
27.5047487781425
27.5047295788829
27.5047104572457
27.5046914129171
27.5046724455845
27.5046535549366
27.5046347406634
27.5046160024561
27.5045973400072
27.5045787530104
27.5045602411606
27.5045418041541
27.5045234416881
27.5045051534614
27.5044869391738
27.5044687985264
27.5044507312214
27.5044327369624
27.5044148154539
27.5043969664019
27.5043791895135
27.5043614844968
27.5043438510613
27.5043262889176
27.5043087977774
27.5042913773538
27.5042740273607
27.5042567475135
27.5042395375285
27.5042223971233
27.5042053260166
27.5041883239282
27.5041713905790
27.5041545256912
27.5041377289880
27.5041210001937
27.5041043390336
27.5040877452345
27.5040712185240
27.5040547586307
27.5040383652846
27.5040220382167
27.5040057771589
27.5039895818444
27.5039734520074
27.5039573873831
27.5039413877080
27.5039254527193
27.5039095821557
27.5038937757565
27.5038780332625
27.5038623544152
27.5038467389574
27.5038311866326
27.5038156971857
27.5038002703626
27.5037849059098
27.5037696035755
27.5037543631082
27.5037391842581
27.5037240667758
27.5037090104134
27.5036940149237
27.5036790800606
27.5036642055790
27.5036493912348
27.5036346367848
27.5036199419868
27.5036053065998
27.5035907303836
27.5035762130988
27.5035617545072
27.5035473543715
27.5035330124555
27.5035187285237
27.5035045023416
27.5034903336759
27.5034762222939
27.5034621679641
27.5034481704558
27.5034342295393
27.5034203449857
27.5034065165673
27.5033927440570
27.5033790272288
27.5033653658576
27.5033517597192
27.5033382085902
27.5033247122484
27.5033112704720
27.5032978830407
27.5032845497346
27.5032712703349
27.5032580446237
27.5032448723839
27.5032317533993
27.5032186874546
27.5032056743354
27.5031927138282
27.5031798057201
27.5031669497993
27.5031541458549
27.5031413936767
27.5031286930554
27.5031160437827
27.5031034456507
27.5030908984529
27.5030784019833
27.5030659560368
27.5030535604091
27.5030412148968
27.5030289192973
27.5030166734087
27.5030044770302
27.5029923299615
27.5029802320032
27.5029681829569
27.5029561826247
27.5029442308098
27.5029323273159
27.5029204719477
27.5029086645106
27.5028969048109
27.5028851926555
27.5028735278523
27.5028619102097
27.5028503395371
27.5028388156446
27.5028273383431
27.5028159074442
27.5028045227604
27.5027931841046
27.5027818912910
27.5027706441340
27.5027594424492
27.5027482860527
27.5027371747614
27.5027261083929
27.5027150867656
27.5027041096987
27.5026931770119
27.5026822885258
27.5026714440618
27.5026606434418
27.5026498864887
27.5026391730257
27.5026285028772
27.5026178758680
27.5026072918237
27.5025967505705
27.5025862519356
27.5025757957465
27.5025653818316
27.5025550100201
27.5025446801417
27.5025343920270
27.5025241455069
27.5025139404134
27.5025037765790
27.5024936538369
27.5024835720210
27.5024735309657
27.5024635305062
27.5024535704786
27.5024436507192
27.5024337710653
27.5024239313547
27.5024141314260
27.5024043711183
27.5023946502714
27.5023849687258
27.5023753263225
27.5023657229035
27.5023561583109
27.5023466323879
27.5023371449780
27.5023276959257
27.5023182850758
27.5023089122739
27.5022995773661
27.5022902801992
27.5022810206207
27.5022717984786
27.5022626136214
27.5022534658986
27.5022443551599
27.5022352812558
27.5022262440375
27.5022172433565
27.5022082790651
27.5021993510163
27.5021904590635
27.5021816030608
27.5021727828628
27.5021639983248
27.5021552493025
27.5021465356525
27.5021378572316