1
1
1
1
1
1
1
1
1
1
1
1
1
1
1
1
1
1
1
1
1
1
1
1
1
1
1
1
1
1
1
1
1
1
1
1
0.976664335584853
0.953080239122692
0.929494955796611
0.905908490344584
0.882320847485669
0.858732031920090
0.835142048329301
0.811550901376074
0.787958595704562
0.764365135940381
0.740770526690681
0.717867672301793
0.695663984676173
0.674159534516019
0.653354392242854
0.633248627998629
0.613842311646836
0.595135512773617
0.577128300688861
0.559820744427299
0.543212912749602
0.527304874143470
0.512076122734096
0.497505931520207
0.483573570348803
0.470258305927615
0.457539401837490
0.445396118544732
0.433807713413408
0.422753440717592
0.412212551653552
0.402164294351918
0.392587913889769
0.383463263203771
0.374770809687060
0.366491635314026
0.358607436764612
0.351100525548127
0.343953828126565
0.337150886037446
0.330675856016172
0.324513510117902
0.318649235838954
0.313069036237724
0.307759511915808
0.302707842802327
0.297901769933611
0.293329577228284
0.288980073257751
0.284842573012104
0.280906879661466
0.277163266312812
0.273602457762247
0.270215612242788
0.266994303167659
0.263930501407723
0.261016558108911
0.258245188049835
0.255609453539733
0.253102748856906
0.250718785227825
0.248451576347072
0.246295424438247
0.244244906856032
0.242294863229577
0.240440383147327
0.238676794367513
0.236999651538244
0.235404725411224
0.233887992533069
0.232445625398161
0.231073983047078
0.229769602094473
0.228529188170468
0.227349607759397
0.226227880419935
0.225161171370526
0.224146784424495
0.223182155259761
0.222264845008499
0.221392534152591
0.220563016711151
0.219774194706949
0.219024072898969
0.218310753768827
0.217632432749299
0.216987393683609
0.216374004504653
0.215790713123816
0.215236043519392
0.214708592015190
0.214207023740209
0.213730069260712
0.213276521376483
0.212845232073298
0.212435109624138
0.212045115831919
0.211674263406949
0.211321613472513
0.210986273192444
0.210667393514702
0.210364167025358
0.210075825907580
0.209801640000550
0.209540914953379
0.209292990469455
0.209057238636759
0.208833062339982
0.208619893750429
0.208417192889917
0.208224446265056
0.208041165568452
0.207866886443574
0.207701167310167
0.207543588247230
0.207393749930784
0.207251272623687
0.207115795214999
0.206986974306442
0.206864483343649
0.206748011790033
0.206637264341131
0.206531960177526
0.206431832254356
0.206336626625698
0.206246101802083
0.206160028139504
0.206078187258406
0.206000371491171
0.205926383356688
0.205856035060709
0.205789148020706
0.205725552414028
0.205665086748218
0.205607597452425
0.205552938488831
0.205500970983152
0.205451562873254
0.205404588575020
0.205359928664587
0.205317469576181
0.205277103314769
0.205238727182803
0.205202243520384
0.205167559458135
0.205134586682244
0.205103241210987
0.205073443182245
0.205045116651421
0.205018189399290
0.204992592749249
0.204968261393559
0.204945133228091
0.204923149195178
0.204902253134192
0.204882391639431
0.204863513924985
0.204845571696236
0.204828519027648
0.204812312246564
0.204796909822698
0.204782272263048
0.204768362011962
0.204755143356102
0.204742582334085
0.204730646650544
0.204719305594393
0.204708529961137
0.204698291978958
0.204688565238432
0.204679324625720
0.204670546258998
0.204662207428037
0.204654286536727
0.204646763048429
0.204639617434009
0.204632831122409
0.204626386453658
0.204620266634182
0.204614455694303
0.204608938447820
0.204603700453586
0.204598727978958
0.204594007965042
0.204589527993643
0.204585276255842
0.204581241522101
0.204577413113856
0.204573780876476
0.204570335153570
0.204567066762549
0.204563966971376
0.204561027476479
0.204558240381718
0.204555598178407
0.204553093726311
0.204550720235569
0.204548471249505
0.204546340628287
0.204544322533386
0.204542411412788
0.204540601986954
0.204538889235439
0.204537268384190
0.204535734893463
0.204534284446321
0.204532912937707
0.204531616464057
0.204530391313406
0.204529233955995
0.204528141035333
0.204527109359697
0.204526135894042
0.204525217752333
0.204524352190213
0.204523536598072
0.204522768494426
0.204522045519633
0.204521365429919
0.204520726091697
0.204520125476148
0.204519561654101
0.204519032791125
0.204518537142899
0.204518073050775
0.204517638937593
0.204517233303662
0.204516854722983
0.204516501839614
0.204516173364246
0.204515868070924
0.204515584793948
0.204515322424916
0.204515079909902
0.204514856246795
0.204514650482759
0.204514461711802
0.204514289072489
0.204514131745753
0.204513988952813
0.204513859953206
0.204513744042896
0.204513640552493
0.204513548845555
0.204513468316965
0.204513398391402
0.204513338521871
0.204513288188316
0.204513246896304
0.204513214175759
0.204513189579769
0.204513172683452
0.204513163082876
0.204513160394029
0.204513164251836
0.204513174309238
0.204513190236305
0.204513211719397
0.204513238460358
0.204513270175764
0.204513306596195
0.204513347465548
0.204513392540390
0.204513441589324
0.204513494392411
0.204513550740593
0.204513610435179
0.204513673287314
0.204513739117512
0.204513807755191
0.204513879038231
0.204513952812567
0.204514028931786
0.204514107256760
0.204514187655278
0.204514270001711
0.204514354176695
0.204514440066809
0.204514527564300
0.204514616566787
0.204514706977013
0.204514798702583
0.204514891655732
0.204514985753090
0.204515080915469
0.204515177067666
0.204515274138252
0.204515372059396
0.204515470766691
0.204515570198973
0.204515670298177
0.204515771009173
0.204515872279627
0.204515974059862
0.204516076302728
0.204516178963479
0.204516281999649
0.204516385370946
0.204516489039143
0.204516592967976
0.204516697123050
0.204516801471738
0.204516905983109
0.204517010627829
0.204517115378092
0.204517220207543
0.204517325091201
0.204517430005399
0.204517534927719
0.204517639836920
0.204517744712893
0.204517849536596
0.204517954290005
0.204518058956067
0.204518163518644
0.204518267962472
0.204518372273120
0.204518476436948
0.204518580441064
0.204518684273291
0.204518787922129
0.204518891376725
0.204518994626834
0.204519097662800
0.204519200475516
0.204519303056398
0.204519405397373
0.204519507490828
0.204519609329615
0.204519710907003
0.204519812216679
0.204519913252713
0.204520014009542
0.204520114481950
0.204520214665060
0.204520314554308
0.204520414145425
0.204520513434434
0.204520612417622
0.204520711091538
0.204520809452971
0.204520907498946
0.204521005226703
0.204521102633695
0.204521199717575
0.204521296476173
0.204521392907516
0.204521489009784
0.204521584781328
0.204521680220649
0.204521775326393
0.204521870097344
0.204521964532418
0.204522058630651
0.204522152391203
0.204522245813339
0.204522338896435
0.204522431639964
0.204522524043494
0.204522616106689
0.204522707829290
0.204522799211124
0.204522890252095
0.204522980952176
0.204523071311416
0.204523161329921
0.204523251007864
0.204523340345475
0.204523429343037
0.204523518000892
0.204523606319425
0.204523694299068
0.204523781940301
0.204523869243645
0.204523956209661
0.204524042838940
0.204524129132118
0.204524215089861
0.204524300712863
0.204524386001854
0.204524470957582
0.204524555580834
0.204524639872410
0.204524723833139
0.204524807463873
0.204524890765479
0.204524973738850
0.204525056384893
0.204525138704529
0.204525220698703
0.204525302368366
0.204525383714489
0.204525464738056
0.204525545440057
0.204525625821499
0.204525705883398
0.204525785626779
0.204525865052676
0.204525944162131
0.204526022956194
0.204526101435923
0.204526179602380
0.204526257456633
0.204526334999760
0.204526412232840
0.204526489156954
0.204526565773194
0.204526642082649
0.204526718086412
0.204526793785582
0.204526869181260
0.204526944274545
0.204527019066539
0.204527093558352
0.204527167751085
0.204527241645847
0.204527315243745
0.204527388545883
0.204527461553374
0.204527534267322
0.204527606688834
0.204527678819018
0.204527750658980
0.204527822209822
0.204527893472650
0.204527964448567
0.204528035138670
0.204528105544064
0.204528175665842
0.204528245505103
0.204528315062940
0.204528384340442
0.204528453338704
0.204528522058811
0.204528590501849
0.204528658668898
0.204528726561041
0.204528794179353
0.204528861524911
0.204528928598788
0.204528995402051
0.204529061935766
0.204529128200996
0.204529194198806
0.204529259930247
0.204529325396378
0.204529390598249
0.204529455536906
0.204529520213394
0.204529584628758
0.204529648784032
0.204529712680252
0.204529776318449
0.204529839699652
0.204529902824887
0.204529965695170
0.204530028311525
0.204530090674961
0.204530152786494
0.204530214647125
0.204530276257861
0.204530337619704
0.204530398733650
0.204530459600689
0.204530520221811
0.204530580598004
0.204530640730250
0.204530700619528
0.204530760266812
0.204530819673075
0.204530878839285
0.204530937766404
0.204530996455394
0.204531054907213
0.204531113122813
0.204531171103147
0.204531228849160
0.204531286361794
0.204531343641988
0.204531400690680
0.204531457508798
0.204531514097274
0.204531570457033
0.204531626588994
0.204531682494074
0.204531738173193
0.204531793627256
0.204531848857170
0.204531903863845
0.204531958648173
0.204532013211055
0.204532067553384
0.204532121676049
0.204532175579934
0.204532229265926
0.204532282734902
0.204532335987737
0.204532389025302
0.204532441848468
0.204532494458100
0.204532546855060
0.204532599040205
0.204532651014391
0.204532702778468
0.204532754333290
0.204532805679694
0.204532856818529
0.204532907750628
0.204532958476828
0.204533008997958
0.204533059314851
0.204533109428329
0.204533159339211
0.204533209048321
0.204533258556471
0.204533307864473
0.204533356973135
0.204533405883264
0.204533454595661
0.204533503111122
0.204533551430448
0.204533599554430
0.204533647483857
0.204533695219511
0.204533742762181
0.204533790112645
0.204533837271678
0.204533884240055
0.204533931018543
0.204533977607916
0.204534024008934
0.204534070222360
0.204534116248949
0.204534162089460
0.204534207744642
0.204534253215246
0.204534298502018
0.204534343605700
0.204534388527031
0.204534433266751
0.204534477825593
0.204534522204286
0.204534566403561
0.204534610424140
0.204534654266749
0.204534697932105
0.204534741420926
0.204534784733925
0.204534827871810
0.204534870835294
0.204534913625078
0.204534956241867
0.204534998686357
0.204535040959248
0.204535083061230
0.204535124992997
0.204535166755235
0.204535208348632
0.204535249773868
0.204535291031623
0.204535332122576
0.204535373047397
0.204535413806763
0.204535454401342
0.204535494831797
0.204535535098792
0.204535575202990
0.204535615145048
0.204535654925622
0.204535694545364
0.204535734004926
0.204535773304953
0.204535812446091
0.204535851428983
0.204535890254267
0.204535928922583
0.204535967434563
0.204536005790841
0.204536043992044
0.204536082038802
0.204536119931736
0.204536157671473
0.204536195258626
0.204536232693816
0.204536269977656
0.204536307110759
0.204536344093733
0.204536380927187
0.204536417611723
0.204536454147942
0.204536490536449
0.204536526777837
0.204536562872701
0.204536598821634
0.204536634625227
0.204536670284067
0.204536705798737
0.204536741169824
0.204536776397904
0.204536811483558
0.204536846427363
0.204536881229890
0.204536915891711
0.204536950413395
0.204536984795508
0.204537019038613
0.204537053143274
0.204537087110052
0.204537120939502
0.204537154632180
0.204537188188639
0.204537221609430
0.204537254895100
0.204537288046199
0.204537321063268
0.204537353946847
0.204537386697479
0.204537419315701
0.204537451802049
0.204537484157054
0.204537516381248
0.204537548475161
0.204537580439317
0.204537612274244
0.204537643980462
0.204537675558493
0.204537707008853
0.204537738332061
0.204537769528630
0.204537800599068
0.204537831543892
0.204537862363606
0.204537893058716
0.204537923629725
0.204537954077137
0.204537984401451
0.204538014603164
0.204538044682770
0.204538074640765
0.204538104477640
0.204538134193886
0.204538163789990
0.204538193266437
0.204538222623709
0.204538251862293
0.204538280982664
0.204538309985300
0.204538338870681
0.204538367639279
0.204538396291565
0.204538424828010
0.204538453249083
0.204538481555249
0.204538509746976
0.204538537824720
0.204538565788949
0.204538593640118
0.204538621378685
0.204538649005106
0.204538676519834
0.204538703923318
0.204538731216013
0.204538758398362
0.204538785470813
0.204538812433810
0.204538839287797
0.204538866033214
0.204538892670499
0.204538919200090
0.204538945622420
0.204538971937928
0.204538998147042
0.204539024250191
0.204539050247808
0.204539076140314
0.204539101928138
0.204539127611703
0.204539153191428
0.204539178667735
0.204539204041043
0.204539229311766
0.204539254480320
0.204539279547117
0.204539304512568
0.204539329377086
0.204539354141077
0.204539378804948
0.204539403369101
0.204539427833943
0.204539452199875
0.204539476467292
0.204539500636600
0.204539524708189
0.204539548682458
0.204539572559800
0.204539596340607
0.204539620025266
0.204539643614169
0.204539667107703
0.204539690506252
0.204539713810200
0.204539737019933
0.204539760135828
0.204539783158265
0.204539806087623
0.204539828924278
0.204539851668604
0.204539874320976
0.204539896881765
0.204539919351340
0.204539941730071
0.204539964018325
0.204539986216468
0.204540008324864
0.204540030343876
0.204540052273865
0.204540074115193
0.204540095868214
0.204540117533289
0.204540139110772
0.204540160601019
0.204540182004379
0.204540203321208
0.204540224551853
0.204540245696659
0.204540266755980
0.204540287730159
0.204540308619539
0.204540329424461
0.204540350145272
0.204540370782307
0.204540391335908
0.204540411806409
0.204540432194151
0.204540452499463
0.204540472722682
0.204540492864138
0.204540512924163
0.204540532903084
0.204540552801233
0.204540572618934
0.204540592356510
0.204540612014288
0.204540631592589
0.204540651091737
0.204540670512051
0.204540689853845
0.204540709117443
0.204540728303159
0.204540747411305
0.204540766442199
0.204540785396151
0.204540804273472
0.204540823074473
0.204540841799460
0.204540860448744
0.204540879022627
0.204540897521419
0.204540915945418
0.204540934294930
0.204540952570255
0.204540970771693
0.204540988899542
0.204541006954101
0.204541024935665
0.204541042844532
0.204541060680991
0.204541078445339
0.204541096137865
0.204541113758860
0.204541131308614
0.204541148787414
0.204541166195550
0.204541183533302
0.204541200800958
0.204541217998803
0.204541235127115
0.204541252186180
0.204541269176274
0.204541286097676
0.204541302950667
0.204541319735519
0.204541336452512
0.204541353101919
0.204541369684012
0.204541386199063
0.204541402647343
0.204541419029125
0.204541435344674
0.204541451594260
0.204541467778150
0.204541483896608
0.204541499949900
0.204541515938288
0.204541531862034
0.204541547721402
0.204541563516650
0.204541579248037
0.204541594915823
0.204541610520266
0.204541626061618
0.204541641540138
0.204541656956078
0.204541672309691
0.204541687601231
0.204541702830945
0.204541717999089
0.204541733105906
0.204541748151645
0.204541763136555
0.204541778060883
0.204541792924872
0.204541807728765
0.204541822472807
0.204541837157236
0.204541851782300
0.204541866348232
0.204541880855275
0.204541895303667
0.204541909693644
0.204541924025441
0.204541938299296
0.204541952515442
0.204541966674113
0.204541980775539
0.204541994819954
0.204542008807588
0.204542022738669
0.204542036613427
0.204542050432091
0.204542064194885
0.204542077902037
0.204542091553768
0.204542105150309
0.204542118691877
0.204542132178699
0.204542145610993
0.204542158988980
0.204542172312879
0.204542185582911
0.204542198799291
0.204542211962239
0.204542225071967
0.204542238128696
0.204542251132635
0.204542264083998
0.204542276983000
0.204542289829851
0.204542302624763
0.204542315367944
0.204542328059607
0.204542340699955
0.204542353289199
0.204542365827546
0.204542378315200
0.204542390752365
0.204542403139247
0.204542415476050
0.204542427762977
0.204542440000226
0.204542452188000
0.204542464326500
0.204542476415923
0.204542488456468
0.204542500448334
0.204542512391718
0.204542524286815
0.204542536133818
0.204542547932925
0.204542559684329
0.204542571388222
0.204542583044796
0.204542594654243
0.204542606216754
0.204542617732515
0.204542629201720
0.204542640624555
0.204542652001207
0.204542663331864
0.204542674616711
0.204542685855933
0.204542697049716
0.204542708198241
0.204542719301694
0.204542730360256
0.204542741374109
0.204542752343431
0.204542763268405
0.204542774149209
0.204542784986023
0.204542795779023
0.204542806528388
0.204542817234292
0.204542827896913
0.204542838516426
0.204542849093004
0.204542859626821
0.204542870118048
0.204542880566860
0.204542890973430
0.204542901337923
0.204542911660514
0.204542921941370
0.204542932180662
0.204542942378556
0.204542952535220
0.204542962650821
0.204542972725525
0.204542982759495
0.204542992752901
0.204543002705901
0.204543012618663
0.204543022491346
0.204543032324116
0.204543042117131
0.204543051870554
0.204543061584543
0.204543071259258
0.204543080894858
0.204543090491502
0.204543100049349
0.204543109568550
0.204543119049268
0.204543128491654
0.204543137895864
0.204543147262054
0.204543156590376
0.204543165880984
0.204543175134032
0.204543184349667
0.204543193528045
0.204543202669314
0.204543211773626
0.204543220841127
0.204543229871970
0.204543238866302
0.204543247824268
0.204543256746019
0.204543265631700
0.204543274481455
0.204543283295431
0.204543292073772
0.204543300816621